,IGD,RUN,r,c,m,v,EAR,ALGORITHM,PROBLEM,T_POP,N_GENS,TOT_AVALS,IVF_AVALS
0,26.41937925436397,1,0.5,15,0.5,-1,EARN,IVF/SPEA2,ZDT4,100,10,1000,296
1,11.912607411035616,1,0.5,15,0.5,-1,EARN,IVF/SPEA2,ZDT4,100,20,2000,536
2,4.073218420701807,1,0.5,15,0.5,-1,EARN,IVF/SPEA2,ZDT4,100,30,3000,900
3,3.880946968918621,1,0.5,15,0.5,-1,EARN,IVF/SPEA2,ZDT4,100,40,4000,1180
4,2.2483861589410488,1,0.5,15,0.5,-1,EARN,IVF/SPEA2,ZDT4,100,50,5000,1420
5,1.5520093037619593,1,0.5,15,0.5,-1,EARN,IVF/SPEA2,ZDT4,100,60,6000,1532
6,1.1096888480037241,1,0.5,15,0.5,-1,EARN,IVF/SPEA2,ZDT4,100,70,7000,1644
7,0.7643030222252171,1,0.5,15,0.5,-1,EARN,IVF/SPEA2,ZDT4,100,80,8000,1940
8,0.6286396363547146,1,0.5,15,0.5,-1,EARN,IVF/SPEA2,ZDT4,100,90,9000,2024
9,0.46549776272815907,1,0.5,15,0.5,-1,EARN,IVF/SPEA2,ZDT4,100,100,10000,2052
10,0.26621511418052557,1,0.5,15,0.5,-1,EARN,IVF/SPEA2,ZDT4,100,110,11000,2360
11,0.16220007641028855,1,0.5,15,0.5,-1,EARN,IVF/SPEA2,ZDT4,100,120,12000,2584
12,0.05451305542902648,1,0.5,15,0.5,-1,EARN,IVF/SPEA2,ZDT4,100,130,13000,2752
13,0.028012786142262273,1,0.5,15,0.5,-1,EARN,IVF/SPEA2,ZDT4,100,140,14000,3032
14,0.018828303710274347,1,0.5,15,0.5,-1,EARN,IVF/SPEA2,ZDT4,100,150,15000,3312
15,0.012074547080016622,1,0.5,15,0.5,-1,EARN,IVF/SPEA2,ZDT4,100,160,16000,3508
16,0.009382432780806978,1,0.5,15,0.5,-1,EARN,IVF/SPEA2,ZDT4,100,170,17000,3620
17,0.008328476528359427,1,0.5,15,0.5,-1,EARN,IVF/SPEA2,ZDT4,100,180,18000,3872
18,0.007135019777166335,1,0.5,15,0.5,-1,EARN,IVF/SPEA2,ZDT4,100,190,19000,4040
19,0.006222170492285509,1,0.5,15,0.5,-1,EARN,IVF/SPEA2,ZDT4,100,200,20000,4292
20,33.523269206737204,2,0.5,15,0.5,-1,EARN,IVF/SPEA2,ZDT4,100,10,1000,300
21,17.46497315060736,2,0.5,15,0.5,-1,EARN,IVF/SPEA2,ZDT4,100,20,2000,496
22,6.453899826316491,2,0.5,15,0.5,-1,EARN,IVF/SPEA2,ZDT4,100,30,3000,820
23,4.625794277356565,2,0.5,15,0.5,-1,EARN,IVF/SPEA2,ZDT4,100,40,4000,988
24,1.5718909598412083,2,0.5,15,0.5,-1,EARN,IVF/SPEA2,ZDT4,100,50,5000,1100
25,1.2367821747868752,2,0.5,15,0.5,-1,EARN,IVF/SPEA2,ZDT4,100,60,6000,1212
26,0.683175106212261,2,0.5,15,0.5,-1,EARN,IVF/SPEA2,ZDT4,100,70,7000,1408
27,0.46881249719550355,2,0.5,15,0.5,-1,EARN,IVF/SPEA2,ZDT4,100,80,8000,1492
28,0.309077759130817,2,0.5,15,0.5,-1,EARN,IVF/SPEA2,ZDT4,100,90,9000,1576
29,0.1676400809233482,2,0.5,15,0.5,-1,EARN,IVF/SPEA2,ZDT4,100,100,10000,1800
30,0.07823383984707176,2,0.5,15,0.5,-1,EARN,IVF/SPEA2,ZDT4,100,110,11000,1996
31,0.04245789424961176,2,0.5,15,0.5,-1,EARN,IVF/SPEA2,ZDT4,100,120,12000,2276
32,0.034870572736024966,2,0.5,15,0.5,-1,EARN,IVF/SPEA2,ZDT4,100,130,13000,2500
33,0.029801526345932784,2,0.5,15,0.5,-1,EARN,IVF/SPEA2,ZDT4,100,140,14000,2780
34,0.026084606538675018,2,0.5,15,0.5,-1,EARN,IVF/SPEA2,ZDT4,100,150,15000,3088
35,0.02106059879602793,2,0.5,15,0.5,-1,EARN,IVF/SPEA2,ZDT4,100,160,16000,3284
36,0.017759675222125203,2,0.5,15,0.5,-1,EARN,IVF/SPEA2,ZDT4,100,170,17000,3480
37,0.016420363126755707,2,0.5,15,0.5,-1,EARN,IVF/SPEA2,ZDT4,100,180,18000,3844
38,0.013860230377810683,2,0.5,15,0.5,-1,EARN,IVF/SPEA2,ZDT4,100,190,19000,4012
39,0.0127883110573122,2,0.5,15,0.5,-1,EARN,IVF/SPEA2,ZDT4,100,200,20000,4252
40,26.542106833524045,3,0.5,15,0.5,-1,EARN,IVF/SPEA2,ZDT4,100,10,1000,440
41,18.87995119480252,3,0.5,15,0.5,-1,EARN,IVF/SPEA2,ZDT4,100,20,2000,580
42,12.86813904077312,3,0.5,15,0.5,-1,EARN,IVF/SPEA2,ZDT4,100,30,3000,720
43,6.701955765087201,3,0.5,15,0.5,-1,EARN,IVF/SPEA2,ZDT4,100,40,4000,860
44,6.058545032132123,3,0.5,15,0.5,-1,EARN,IVF/SPEA2,ZDT4,100,50,5000,1156
45,3.5704052266237767,3,0.5,15,0.5,-1,EARN,IVF/SPEA2,ZDT4,100,60,6000,1212
46,2.8100220608455277,3,0.5,15,0.5,-1,EARN,IVF/SPEA2,ZDT4,100,70,7000,1508
47,2.0913565400460246,3,0.5,15,0.5,-1,EARN,IVF/SPEA2,ZDT4,100,80,8000,1788
48,0.9778137146888044,3,0.5,15,0.5,-1,EARN,IVF/SPEA2,ZDT4,100,90,9000,2012
49,0.740098561482688,3,0.5,15,0.5,-1,EARN,IVF/SPEA2,ZDT4,100,100,10000,2292
50,0.4999319256438315,3,0.5,15,0.5,-1,EARN,IVF/SPEA2,ZDT4,100,110,11000,2404
51,0.3771837573933103,3,0.5,15,0.5,-1,EARN,IVF/SPEA2,ZDT4,100,120,12000,2544
52,0.3212591057361365,3,0.5,15,0.5,-1,EARN,IVF/SPEA2,ZDT4,100,130,13000,2768
53,0.2266028243346956,3,0.5,15,0.5,-1,EARN,IVF/SPEA2,ZDT4,100,140,14000,3020
54,0.1590590735180828,3,0.5,15,0.5,-1,EARN,IVF/SPEA2,ZDT4,100,150,15000,3216
55,0.07245369514058093,3,0.5,15,0.5,-1,EARN,IVF/SPEA2,ZDT4,100,160,16000,3440
56,0.050379053359630756,3,0.5,15,0.5,-1,EARN,IVF/SPEA2,ZDT4,100,170,17000,3664
57,0.03363784860321607,3,0.5,15,0.5,-1,EARN,IVF/SPEA2,ZDT4,100,180,18000,3888
58,0.021364787046986185,3,0.5,15,0.5,-1,EARN,IVF/SPEA2,ZDT4,100,190,19000,4084
59,0.013772206606806083,3,0.5,15,0.5,-1,EARN,IVF/SPEA2,ZDT4,100,200,20000,4224
60,41.8583717939614,4,0.5,15,0.5,-1,EARN,IVF/SPEA2,ZDT4,100,10,1000,224
61,20.03972358004365,4,0.5,15,0.5,-1,EARN,IVF/SPEA2,ZDT4,100,20,2000,588
62,12.403940240949257,4,0.5,15,0.5,-1,EARN,IVF/SPEA2,ZDT4,100,30,3000,700
63,8.58908278878307,4,0.5,15,0.5,-1,EARN,IVF/SPEA2,ZDT4,100,40,4000,924
64,7.508065665781951,4,0.5,15,0.5,-1,EARN,IVF/SPEA2,ZDT4,100,50,5000,1148
65,5.283735013634736,4,0.5,15,0.5,-1,EARN,IVF/SPEA2,ZDT4,100,60,6000,1428
66,3.8024839249473374,4,0.5,15,0.5,-1,EARN,IVF/SPEA2,ZDT4,100,70,7000,1708
67,2.7945042002375953,4,0.5,15,0.5,-1,EARN,IVF/SPEA2,ZDT4,100,80,8000,1932
68,1.2917023403240537,4,0.5,15,0.5,-1,EARN,IVF/SPEA2,ZDT4,100,90,9000,2156
69,0.9069569289257496,4,0.5,15,0.5,-1,EARN,IVF/SPEA2,ZDT4,100,100,10000,2592
70,0.6669109757308401,4,0.5,15,0.5,-1,EARN,IVF/SPEA2,ZDT4,100,110,11000,2972
71,0.4699915033194593,4,0.5,15,0.5,-1,EARN,IVF/SPEA2,ZDT4,100,120,12000,3252
72,0.3653151239924739,4,0.5,15,0.5,-1,EARN,IVF/SPEA2,ZDT4,100,130,13000,3588
73,0.30721739970032863,4,0.5,15,0.5,-1,EARN,IVF/SPEA2,ZDT4,100,140,14000,3952
74,0.22321744744799904,4,0.5,15,0.5,-1,EARN,IVF/SPEA2,ZDT4,100,150,15000,4092
75,0.15016181928093775,4,0.5,15,0.5,-1,EARN,IVF/SPEA2,ZDT4,100,160,16000,4148
76,0.13898082307225385,4,0.5,15,0.5,-1,EARN,IVF/SPEA2,ZDT4,100,170,17000,4316
77,0.13335307433277796,4,0.5,15,0.5,-1,EARN,IVF/SPEA2,ZDT4,100,180,18000,4512
78,0.12451126234302573,4,0.5,15,0.5,-1,EARN,IVF/SPEA2,ZDT4,100,190,19000,4652
79,0.06583835904486768,4,0.5,15,0.5,-1,EARN,IVF/SPEA2,ZDT4,100,200,20000,4792
80,42.61079247816442,5,0.5,15,0.5,-1,EARN,IVF/SPEA2,ZDT4,100,10,1000,184
81,20.531191104201913,5,0.5,15,0.5,-1,EARN,IVF/SPEA2,ZDT4,100,20,2000,436
82,8.243162763061418,5,0.5,15,0.5,-1,EARN,IVF/SPEA2,ZDT4,100,30,3000,632
83,5.511589903261202,5,0.5,15,0.5,-1,EARN,IVF/SPEA2,ZDT4,100,40,4000,716
84,3.54099127047771,5,0.5,15,0.5,-1,EARN,IVF/SPEA2,ZDT4,100,50,5000,1040
85,2.855627973998978,5,0.5,15,0.5,-1,EARN,IVF/SPEA2,ZDT4,100,60,6000,1264
86,0.8619398181884804,5,0.5,15,0.5,-1,EARN,IVF/SPEA2,ZDT4,100,70,7000,1432
87,0.6662140259049184,5,0.5,15,0.5,-1,EARN,IVF/SPEA2,ZDT4,100,80,8000,1544
88,0.524685641055626,5,0.5,15,0.5,-1,EARN,IVF/SPEA2,ZDT4,100,90,9000,1728
89,0.4410698211457813,5,0.5,15,0.5,-1,EARN,IVF/SPEA2,ZDT4,100,100,10000,2008
90,0.34989412868267145,5,0.5,15,0.5,-1,EARN,IVF/SPEA2,ZDT4,100,110,11000,2288
91,0.2080485828384324,5,0.5,15,0.5,-1,EARN,IVF/SPEA2,ZDT4,100,120,12000,2428
92,0.10311455986199679,5,0.5,15,0.5,-1,EARN,IVF/SPEA2,ZDT4,100,130,13000,2680
93,0.03934767194003915,5,0.5,15,0.5,-1,EARN,IVF/SPEA2,ZDT4,100,140,14000,2848
94,0.029120208181055065,5,0.5,15,0.5,-1,EARN,IVF/SPEA2,ZDT4,100,150,15000,3044
95,0.022753211222850053,5,0.5,15,0.5,-1,EARN,IVF/SPEA2,ZDT4,100,160,16000,3284
96,0.020325702713989858,5,0.5,15,0.5,-1,EARN,IVF/SPEA2,ZDT4,100,170,17000,3396
97,0.01804462148581051,5,0.5,15,0.5,-1,EARN,IVF/SPEA2,ZDT4,100,180,18000,3424
98,0.015367089731474872,5,0.5,15,0.5,-1,EARN,IVF/SPEA2,ZDT4,100,190,19000,3536
99,0.0137410281231484,5,0.5,15,0.5,-1,EARN,IVF/SPEA2,ZDT4,100,200,20000,3760
100,30.664770248064496,6,0.5,15,0.5,-1,EARN,IVF/SPEA2,ZDT4,100,10,1000,296
101,15.517669501897041,6,0.5,15,0.5,-1,EARN,IVF/SPEA2,ZDT4,100,20,2000,408
102,9.050372205306802,6,0.5,15,0.5,-1,EARN,IVF/SPEA2,ZDT4,100,30,3000,660
103,6.07976909984441,6,0.5,15,0.5,-1,EARN,IVF/SPEA2,ZDT4,100,40,4000,900
104,4.620585182288555,6,0.5,15,0.5,-1,EARN,IVF/SPEA2,ZDT4,100,50,5000,1068
105,3.7208120872490413,6,0.5,15,0.5,-1,EARN,IVF/SPEA2,ZDT4,100,60,6000,1404
106,3.2674817211314537,6,0.5,15,0.5,-1,EARN,IVF/SPEA2,ZDT4,100,70,7000,1656
107,2.4744162811368033,6,0.5,15,0.5,-1,EARN,IVF/SPEA2,ZDT4,100,80,8000,1880
108,1.9218551275006555,6,0.5,15,0.5,-1,EARN,IVF/SPEA2,ZDT4,100,90,9000,1992
109,1.1362723562942,6,0.5,15,0.5,-1,EARN,IVF/SPEA2,ZDT4,100,100,10000,2244
110,0.6147449304898633,6,0.5,15,0.5,-1,EARN,IVF/SPEA2,ZDT4,100,110,11000,2636
111,0.48198654662008833,6,0.5,15,0.5,-1,EARN,IVF/SPEA2,ZDT4,100,120,12000,2804
112,0.42685243373176157,6,0.5,15,0.5,-1,EARN,IVF/SPEA2,ZDT4,100,130,13000,3112
113,0.3486155756611668,6,0.5,15,0.5,-1,EARN,IVF/SPEA2,ZDT4,100,140,14000,3280
114,0.1955237986520776,6,0.5,15,0.5,-1,EARN,IVF/SPEA2,ZDT4,100,150,15000,3532
115,0.15700548702511632,6,0.5,15,0.5,-1,EARN,IVF/SPEA2,ZDT4,100,160,16000,3784
116,0.10727927963956,6,0.5,15,0.5,-1,EARN,IVF/SPEA2,ZDT4,100,170,17000,3896
117,0.03914151828791071,6,0.5,15,0.5,-1,EARN,IVF/SPEA2,ZDT4,100,180,18000,4008
118,0.027057960621348257,6,0.5,15,0.5,-1,EARN,IVF/SPEA2,ZDT4,100,190,19000,4316
119,0.02422337624954765,6,0.5,15,0.5,-1,EARN,IVF/SPEA2,ZDT4,100,200,20000,4456
120,27.89927325347448,7,0.5,15,0.5,-1,EARN,IVF/SPEA2,ZDT4,100,10,1000,340
121,21.673370881913765,7,0.5,15,0.5,-1,EARN,IVF/SPEA2,ZDT4,100,20,2000,580
122,12.394434479654432,7,0.5,15,0.5,-1,EARN,IVF/SPEA2,ZDT4,100,30,3000,832
123,10.827439473969905,7,0.5,15,0.5,-1,EARN,IVF/SPEA2,ZDT4,100,40,4000,1156
124,7.329403158577911,7,0.5,15,0.5,-1,EARN,IVF/SPEA2,ZDT4,100,50,5000,1268
125,7.027398821985733,7,0.5,15,0.5,-1,EARN,IVF/SPEA2,ZDT4,100,60,6000,1536
126,2.8818397533633213,7,0.5,15,0.5,-1,EARN,IVF/SPEA2,ZDT4,100,70,7000,1704
127,2.198770030235206,7,0.5,15,0.5,-1,EARN,IVF/SPEA2,ZDT4,100,80,8000,1872
128,0.9330730958625688,7,0.5,15,0.5,-1,EARN,IVF/SPEA2,ZDT4,100,90,9000,2180
129,0.5594630375791256,7,0.5,15,0.5,-1,EARN,IVF/SPEA2,ZDT4,100,100,10000,2292
130,0.41901210648213566,7,0.5,15,0.5,-1,EARN,IVF/SPEA2,ZDT4,100,110,11000,2684
131,0.302844342915704,7,0.5,15,0.5,-1,EARN,IVF/SPEA2,ZDT4,100,120,12000,2712
132,0.29524026777838763,7,0.5,15,0.5,-1,EARN,IVF/SPEA2,ZDT4,100,130,13000,3104
133,0.286380501746802,7,0.5,15,0.5,-1,EARN,IVF/SPEA2,ZDT4,100,140,14000,3412
134,0.2507194915211492,7,0.5,15,0.5,-1,EARN,IVF/SPEA2,ZDT4,100,150,15000,3720
135,0.1546118843275739,7,0.5,15,0.5,-1,EARN,IVF/SPEA2,ZDT4,100,160,16000,3972
136,0.05261890785261039,7,0.5,15,0.5,-1,EARN,IVF/SPEA2,ZDT4,100,170,17000,4112
137,0.023802366124752977,7,0.5,15,0.5,-1,EARN,IVF/SPEA2,ZDT4,100,180,18000,4308
138,0.016614292466576662,7,0.5,15,0.5,-1,EARN,IVF/SPEA2,ZDT4,100,190,19000,4588
139,0.014626707428382528,7,0.5,15,0.5,-1,EARN,IVF/SPEA2,ZDT4,100,200,20000,4868
140,20.888444450643675,8,0.5,15,0.5,-1,EARN,IVF/SPEA2,ZDT4,100,10,1000,240
141,13.392798869609557,8,0.5,15,0.5,-1,EARN,IVF/SPEA2,ZDT4,100,20,2000,692
142,7.250738899841895,8,0.5,15,0.5,-1,EARN,IVF/SPEA2,ZDT4,100,30,3000,932
143,5.231294491155687,8,0.5,15,0.5,-1,EARN,IVF/SPEA2,ZDT4,100,40,4000,1184
144,2.153333029962437,8,0.5,15,0.5,-1,EARN,IVF/SPEA2,ZDT4,100,50,5000,1324
145,1.6972626408917666,8,0.5,15,0.5,-1,EARN,IVF/SPEA2,ZDT4,100,60,6000,1464
146,1.5207928184281265,8,0.5,15,0.5,-1,EARN,IVF/SPEA2,ZDT4,100,70,7000,1800
147,0.9375773196364047,8,0.5,15,0.5,-1,EARN,IVF/SPEA2,ZDT4,100,80,8000,1996
148,0.6691131462641955,8,0.5,15,0.5,-1,EARN,IVF/SPEA2,ZDT4,100,90,9000,2332
149,0.448106820544577,8,0.5,15,0.5,-1,EARN,IVF/SPEA2,ZDT4,100,100,10000,2612
150,0.2252282769945478,8,0.5,15,0.5,-1,EARN,IVF/SPEA2,ZDT4,100,110,11000,2892
151,0.1428707086692578,8,0.5,15,0.5,-1,EARN,IVF/SPEA2,ZDT4,100,120,12000,3088
152,0.0846257960740685,8,0.5,15,0.5,-1,EARN,IVF/SPEA2,ZDT4,100,130,13000,3484
153,0.05330684157660733,8,0.5,15,0.5,-1,EARN,IVF/SPEA2,ZDT4,100,140,14000,3792
154,0.04299693066719545,8,0.5,15,0.5,-1,EARN,IVF/SPEA2,ZDT4,100,150,15000,3932
155,0.038642180781566046,8,0.5,15,0.5,-1,EARN,IVF/SPEA2,ZDT4,100,160,16000,4100
156,0.035162208493924194,8,0.5,15,0.5,-1,EARN,IVF/SPEA2,ZDT4,100,170,17000,4212
157,0.03206791050911937,8,0.5,15,0.5,-1,EARN,IVF/SPEA2,ZDT4,100,180,18000,4436
158,0.02598305994377946,8,0.5,15,0.5,-1,EARN,IVF/SPEA2,ZDT4,100,190,19000,4632
159,0.018895655976782284,8,0.5,15,0.5,-1,EARN,IVF/SPEA2,ZDT4,100,200,20000,4828
160,18.75978144269063,9,0.5,15,0.5,-1,EARN,IVF/SPEA2,ZDT4,100,10,1000,324
161,6.89303425101997,9,0.5,15,0.5,-1,EARN,IVF/SPEA2,ZDT4,100,20,2000,576
162,4.724303446575491,9,0.5,15,0.5,-1,EARN,IVF/SPEA2,ZDT4,100,30,3000,688
163,2.830082083742379,9,0.5,15,0.5,-1,EARN,IVF/SPEA2,ZDT4,100,40,4000,912
164,1.3236140023016858,9,0.5,15,0.5,-1,EARN,IVF/SPEA2,ZDT4,100,50,5000,1164
165,0.7784886100247307,9,0.5,15,0.5,-1,EARN,IVF/SPEA2,ZDT4,100,60,6000,1416
166,0.665985646041319,9,0.5,15,0.5,-1,EARN,IVF/SPEA2,ZDT4,100,70,7000,1696
167,0.4601346801938174,9,0.5,15,0.5,-1,EARN,IVF/SPEA2,ZDT4,100,80,8000,1892
168,0.26025665772141926,9,0.5,15,0.5,-1,EARN,IVF/SPEA2,ZDT4,100,90,9000,2032
169,0.22573187965723604,9,0.5,15,0.5,-1,EARN,IVF/SPEA2,ZDT4,100,100,10000,2468
170,0.1860683346063966,9,0.5,15,0.5,-1,EARN,IVF/SPEA2,ZDT4,100,110,11000,2636
171,0.17136846853699567,9,0.5,15,0.5,-1,EARN,IVF/SPEA2,ZDT4,100,120,12000,2860
172,0.1535726281628634,9,0.5,15,0.5,-1,EARN,IVF/SPEA2,ZDT4,100,130,13000,3056
173,0.08211833113733999,9,0.5,15,0.5,-1,EARN,IVF/SPEA2,ZDT4,100,140,14000,3280
174,0.039573322978723624,9,0.5,15,0.5,-1,EARN,IVF/SPEA2,ZDT4,100,150,15000,3420
175,0.02535716322724459,9,0.5,15,0.5,-1,EARN,IVF/SPEA2,ZDT4,100,160,16000,3672
176,0.017429664820748172,9,0.5,15,0.5,-1,EARN,IVF/SPEA2,ZDT4,100,170,17000,3912
177,0.01225958111683958,9,0.5,15,0.5,-1,EARN,IVF/SPEA2,ZDT4,100,180,18000,3968
178,0.011129415979871033,9,0.5,15,0.5,-1,EARN,IVF/SPEA2,ZDT4,100,190,19000,4164
179,0.010196298049000805,9,0.5,15,0.5,-1,EARN,IVF/SPEA2,ZDT4,100,200,20000,4304
180,34.21354626840588,10,0.5,15,0.5,-1,EARN,IVF/SPEA2,ZDT4,100,10,1000,256
181,19.04791557831889,10,0.5,15,0.5,-1,EARN,IVF/SPEA2,ZDT4,100,20,2000,508
182,10.726493675604688,10,0.5,15,0.5,-1,EARN,IVF/SPEA2,ZDT4,100,30,3000,704
183,5.318133901840455,10,0.5,15,0.5,-1,EARN,IVF/SPEA2,ZDT4,100,40,4000,1000
184,2.0933316416461114,10,0.5,15,0.5,-1,EARN,IVF/SPEA2,ZDT4,100,50,5000,1280
185,1.3124562067110588,10,0.5,15,0.5,-1,EARN,IVF/SPEA2,ZDT4,100,60,6000,1448
186,0.8117421020470761,10,0.5,15,0.5,-1,EARN,IVF/SPEA2,ZDT4,100,70,7000,1812
187,0.7037090834814999,10,0.5,15,0.5,-1,EARN,IVF/SPEA2,ZDT4,100,80,8000,2092
188,0.46982004396746957,10,0.5,15,0.5,-1,EARN,IVF/SPEA2,ZDT4,100,90,9000,2204
189,0.3756215733841713,10,0.5,15,0.5,-1,EARN,IVF/SPEA2,ZDT4,100,100,10000,2568
190,0.2581838686247692,10,0.5,15,0.5,-1,EARN,IVF/SPEA2,ZDT4,100,110,11000,2820
191,0.1946863966423841,10,0.5,15,0.5,-1,EARN,IVF/SPEA2,ZDT4,100,120,12000,3044
192,0.0947169272672904,10,0.5,15,0.5,-1,EARN,IVF/SPEA2,ZDT4,100,130,13000,3184
193,0.04702484525982687,10,0.5,15,0.5,-1,EARN,IVF/SPEA2,ZDT4,100,140,14000,3240
194,0.031924117401284875,10,0.5,15,0.5,-1,EARN,IVF/SPEA2,ZDT4,100,150,15000,3592
195,0.024359124266650035,10,0.5,15,0.5,-1,EARN,IVF/SPEA2,ZDT4,100,160,16000,3704
196,0.02010122702981778,10,0.5,15,0.5,-1,EARN,IVF/SPEA2,ZDT4,100,170,17000,3872
197,0.014150627136569798,10,0.5,15,0.5,-1,EARN,IVF/SPEA2,ZDT4,100,180,18000,4068
198,0.01235291743851276,10,0.5,15,0.5,-1,EARN,IVF/SPEA2,ZDT4,100,190,19000,4320
199,0.010026961178184106,10,0.5,15,0.5,-1,EARN,IVF/SPEA2,ZDT4,100,200,20000,4404
200,36.47736125932524,11,0.5,15,0.5,-1,EARN,IVF/SPEA2,ZDT4,100,10,1000,140
201,22.577500244558056,11,0.5,15,0.5,-1,EARN,IVF/SPEA2,ZDT4,100,20,2000,380
202,9.250127460478582,11,0.5,15,0.5,-1,EARN,IVF/SPEA2,ZDT4,100,30,3000,716
203,5.675438489318193,11,0.5,15,0.5,-1,EARN,IVF/SPEA2,ZDT4,100,40,4000,884
204,4.562961419846369,11,0.5,15,0.5,-1,EARN,IVF/SPEA2,ZDT4,100,50,5000,1152
205,3.8266585256714727,11,0.5,15,0.5,-1,EARN,IVF/SPEA2,ZDT4,100,60,6000,1392
206,2.1395805269705677,11,0.5,15,0.5,-1,EARN,IVF/SPEA2,ZDT4,100,70,7000,1672
207,2.0222099117115273,11,0.5,15,0.5,-1,EARN,IVF/SPEA2,ZDT4,100,80,8000,1868
208,1.550075884848492,11,0.5,15,0.5,-1,EARN,IVF/SPEA2,ZDT4,100,90,9000,2092
209,1.0025782804362584,11,0.5,15,0.5,-1,EARN,IVF/SPEA2,ZDT4,100,100,10000,2372
210,0.7453901388998193,11,0.5,15,0.5,-1,EARN,IVF/SPEA2,ZDT4,100,110,11000,2568
211,0.5830880321262684,11,0.5,15,0.5,-1,EARN,IVF/SPEA2,ZDT4,100,120,12000,2820
212,0.4825013190398559,11,0.5,15,0.5,-1,EARN,IVF/SPEA2,ZDT4,100,130,13000,3016
213,0.3528207002512692,11,0.5,15,0.5,-1,EARN,IVF/SPEA2,ZDT4,100,140,14000,3240
214,0.2418522276258415,11,0.5,15,0.5,-1,EARN,IVF/SPEA2,ZDT4,100,150,15000,3564
215,0.08469624918978712,11,0.5,15,0.5,-1,EARN,IVF/SPEA2,ZDT4,100,160,16000,3732
216,0.040534773203367125,11,0.5,15,0.5,-1,EARN,IVF/SPEA2,ZDT4,100,170,17000,3900
217,0.029474485855295437,11,0.5,15,0.5,-1,EARN,IVF/SPEA2,ZDT4,100,180,18000,4040
218,0.021581958478568725,11,0.5,15,0.5,-1,EARN,IVF/SPEA2,ZDT4,100,190,19000,4196
219,0.01868644270372265,11,0.5,15,0.5,-1,EARN,IVF/SPEA2,ZDT4,100,200,20000,4420
220,31.11144653433644,12,0.5,15,0.5,-1,EARN,IVF/SPEA2,ZDT4,100,10,1000,312
221,13.321238399634906,12,0.5,15,0.5,-1,EARN,IVF/SPEA2,ZDT4,100,20,2000,536
222,8.325551285249071,12,0.5,15,0.5,-1,EARN,IVF/SPEA2,ZDT4,100,30,3000,788
223,7.089584013886322,12,0.5,15,0.5,-1,EARN,IVF/SPEA2,ZDT4,100,40,4000,1096
224,2.7757153514794304,12,0.5,15,0.5,-1,EARN,IVF/SPEA2,ZDT4,100,50,5000,1264
225,2.2924539650245626,12,0.5,15,0.5,-1,EARN,IVF/SPEA2,ZDT4,100,60,6000,1544
226,1.6965582140002713,12,0.5,15,0.5,-1,EARN,IVF/SPEA2,ZDT4,100,70,7000,1796
227,1.010312867027353,12,0.5,15,0.5,-1,EARN,IVF/SPEA2,ZDT4,100,80,8000,2076
228,0.959568999012075,12,0.5,15,0.5,-1,EARN,IVF/SPEA2,ZDT4,100,90,9000,2356
229,0.8031084639510755,12,0.5,15,0.5,-1,EARN,IVF/SPEA2,ZDT4,100,100,10000,2636
230,0.48781869235857156,12,0.5,15,0.5,-1,EARN,IVF/SPEA2,ZDT4,100,110,11000,2832
231,0.29908465060444844,12,0.5,15,0.5,-1,EARN,IVF/SPEA2,ZDT4,100,120,12000,2972
232,0.1898624341559405,12,0.5,15,0.5,-1,EARN,IVF/SPEA2,ZDT4,100,130,13000,3168
233,0.15504475242719193,12,0.5,15,0.5,-1,EARN,IVF/SPEA2,ZDT4,100,140,14000,3280
234,0.08503320698489211,12,0.5,15,0.5,-1,EARN,IVF/SPEA2,ZDT4,100,150,15000,3420
235,0.023012781496224405,12,0.5,15,0.5,-1,EARN,IVF/SPEA2,ZDT4,100,160,16000,3616
236,0.014944269492388784,12,0.5,15,0.5,-1,EARN,IVF/SPEA2,ZDT4,100,170,17000,3840
237,0.01248453453170069,12,0.5,15,0.5,-1,EARN,IVF/SPEA2,ZDT4,100,180,18000,4008
238,0.011553473261487902,12,0.5,15,0.5,-1,EARN,IVF/SPEA2,ZDT4,100,190,19000,4288
239,0.010543095337383401,12,0.5,15,0.5,-1,EARN,IVF/SPEA2,ZDT4,100,200,20000,4540
240,47.9936107804525,13,0.5,15,0.5,-1,EARN,IVF/SPEA2,ZDT4,100,10,1000,280
241,14.525111993476507,13,0.5,15,0.5,-1,EARN,IVF/SPEA2,ZDT4,100,20,2000,616
242,7.117610467036789,13,0.5,15,0.5,-1,EARN,IVF/SPEA2,ZDT4,100,30,3000,672
243,4.522337028255042,13,0.5,15,0.5,-1,EARN,IVF/SPEA2,ZDT4,100,40,4000,1012
244,2.543084796643344,13,0.5,15,0.5,-1,EARN,IVF/SPEA2,ZDT4,100,50,5000,1180
245,2.047678248511782,13,0.5,15,0.5,-1,EARN,IVF/SPEA2,ZDT4,100,60,6000,1544
246,1.6429403458113838,13,0.5,15,0.5,-1,EARN,IVF/SPEA2,ZDT4,100,70,7000,1700
247,1.2236427965075642,13,0.5,15,0.5,-1,EARN,IVF/SPEA2,ZDT4,100,80,8000,1896
248,0.949952938265355,13,0.5,15,0.5,-1,EARN,IVF/SPEA2,ZDT4,100,90,9000,2108
249,0.7141793822623128,13,0.5,15,0.5,-1,EARN,IVF/SPEA2,ZDT4,100,100,10000,2404
250,0.5284507707609019,13,0.5,15,0.5,-1,EARN,IVF/SPEA2,ZDT4,100,110,11000,2684
251,0.29533571649275425,13,0.5,15,0.5,-1,EARN,IVF/SPEA2,ZDT4,100,120,12000,2936
252,0.1871908736600613,13,0.5,15,0.5,-1,EARN,IVF/SPEA2,ZDT4,100,130,13000,3076
253,0.1265965835852122,13,0.5,15,0.5,-1,EARN,IVF/SPEA2,ZDT4,100,140,14000,3496
254,0.045755882447678156,13,0.5,15,0.5,-1,EARN,IVF/SPEA2,ZDT4,100,150,15000,3720
255,0.02651193165175765,13,0.5,15,0.5,-1,EARN,IVF/SPEA2,ZDT4,100,160,16000,4056
256,0.0198606928077204,13,0.5,15,0.5,-1,EARN,IVF/SPEA2,ZDT4,100,170,17000,4280
257,0.016155723929161033,13,0.5,15,0.5,-1,EARN,IVF/SPEA2,ZDT4,100,180,18000,4532
258,0.01435204267737698,13,0.5,15,0.5,-1,EARN,IVF/SPEA2,ZDT4,100,190,19000,4644
259,0.013867891817153803,13,0.5,15,0.5,-1,EARN,IVF/SPEA2,ZDT4,100,200,20000,4868
260,30.91441473763004,14,0.5,15,0.5,-1,EARN,IVF/SPEA2,ZDT4,100,10,1000,240
261,19.950755643251483,14,0.5,15,0.5,-1,EARN,IVF/SPEA2,ZDT4,100,20,2000,548
262,8.258484829400457,14,0.5,15,0.5,-1,EARN,IVF/SPEA2,ZDT4,100,30,3000,972
263,5.117981170628969,14,0.5,15,0.5,-1,EARN,IVF/SPEA2,ZDT4,100,40,4000,1140
264,4.590293322311143,14,0.5,15,0.5,-1,EARN,IVF/SPEA2,ZDT4,100,50,5000,1336
265,3.367905394928801,14,0.5,15,0.5,-1,EARN,IVF/SPEA2,ZDT4,100,60,6000,1532
266,2.570134864739773,14,0.5,15,0.5,-1,EARN,IVF/SPEA2,ZDT4,100,70,7000,1756
267,1.7526516548302862,14,0.5,15,0.5,-1,EARN,IVF/SPEA2,ZDT4,100,80,8000,1924
268,1.5987692213486344,14,0.5,15,0.5,-1,EARN,IVF/SPEA2,ZDT4,100,90,9000,2260
269,1.3921645676013585,14,0.5,15,0.5,-1,EARN,IVF/SPEA2,ZDT4,100,100,10000,2596
270,1.213861429706593,14,0.5,15,0.5,-1,EARN,IVF/SPEA2,ZDT4,100,110,11000,2764
271,0.7336166860954116,14,0.5,15,0.5,-1,EARN,IVF/SPEA2,ZDT4,100,120,12000,2904
272,0.5004563816089553,14,0.5,15,0.5,-1,EARN,IVF/SPEA2,ZDT4,100,130,13000,3184
273,0.3272676899981278,14,0.5,15,0.5,-1,EARN,IVF/SPEA2,ZDT4,100,140,14000,3520
274,0.2800912655662028,14,0.5,15,0.5,-1,EARN,IVF/SPEA2,ZDT4,100,150,15000,3716
275,0.26133430693166887,14,0.5,15,0.5,-1,EARN,IVF/SPEA2,ZDT4,100,160,16000,3940
276,0.2602424776780239,14,0.5,15,0.5,-1,EARN,IVF/SPEA2,ZDT4,100,170,17000,4108
277,0.25997692194656,14,0.5,15,0.5,-1,EARN,IVF/SPEA2,ZDT4,100,180,18000,4416
278,0.25981606131923396,14,0.5,15,0.5,-1,EARN,IVF/SPEA2,ZDT4,100,190,19000,4584
279,0.2353973415677271,14,0.5,15,0.5,-1,EARN,IVF/SPEA2,ZDT4,100,200,20000,4780
280,31.71751289641513,15,0.5,15,0.5,-1,EARN,IVF/SPEA2,ZDT4,100,10,1000,140
281,12.763381511045802,15,0.5,15,0.5,-1,EARN,IVF/SPEA2,ZDT4,100,20,2000,336
282,8.862737311506713,15,0.5,15,0.5,-1,EARN,IVF/SPEA2,ZDT4,100,30,3000,644
283,5.791632120198845,15,0.5,15,0.5,-1,EARN,IVF/SPEA2,ZDT4,100,40,4000,884
284,5.061017390371066,15,0.5,15,0.5,-1,EARN,IVF/SPEA2,ZDT4,100,50,5000,1108
285,3.7449403129769014,15,0.5,15,0.5,-1,EARN,IVF/SPEA2,ZDT4,100,60,6000,1304
286,1.4493401817832594,15,0.5,15,0.5,-1,EARN,IVF/SPEA2,ZDT4,100,70,7000,1640
287,1.0471104317926843,15,0.5,15,0.5,-1,EARN,IVF/SPEA2,ZDT4,100,80,8000,1892
288,0.7096057778211176,15,0.5,15,0.5,-1,EARN,IVF/SPEA2,ZDT4,100,90,9000,2032
289,0.5186959311625677,15,0.5,15,0.5,-1,EARN,IVF/SPEA2,ZDT4,100,100,10000,2228
290,0.3545481705829034,15,0.5,15,0.5,-1,EARN,IVF/SPEA2,ZDT4,100,110,11000,2368
291,0.29865975009429074,15,0.5,15,0.5,-1,EARN,IVF/SPEA2,ZDT4,100,120,12000,2536
292,0.2569825846501266,15,0.5,15,0.5,-1,EARN,IVF/SPEA2,ZDT4,100,130,13000,2760
293,0.17694456387067792,15,0.5,15,0.5,-1,EARN,IVF/SPEA2,ZDT4,100,140,14000,3028
294,0.10751700478747103,15,0.5,15,0.5,-1,EARN,IVF/SPEA2,ZDT4,100,150,15000,3140
295,0.030732437144649283,15,0.5,15,0.5,-1,EARN,IVF/SPEA2,ZDT4,100,160,16000,3308
296,0.021266383817009328,15,0.5,15,0.5,-1,EARN,IVF/SPEA2,ZDT4,100,170,17000,3504
297,0.019802555595249505,15,0.5,15,0.5,-1,EARN,IVF/SPEA2,ZDT4,100,180,18000,3732
298,0.019039123037451526,15,0.5,15,0.5,-1,EARN,IVF/SPEA2,ZDT4,100,190,19000,3928
299,0.01733670418116263,15,0.5,15,0.5,-1,EARN,IVF/SPEA2,ZDT4,100,200,20000,4152
300,38.22659327021823,16,0.5,15,0.5,-1,EARN,IVF/SPEA2,ZDT4,100,10,1000,296
301,23.498175984775663,16,0.5,15,0.5,-1,EARN,IVF/SPEA2,ZDT4,100,20,2000,548
302,13.165605972956037,16,0.5,15,0.5,-1,EARN,IVF/SPEA2,ZDT4,100,30,3000,912
303,8.11527706633509,16,0.5,15,0.5,-1,EARN,IVF/SPEA2,ZDT4,100,40,4000,1096
304,5.74909133434124,16,0.5,15,0.5,-1,EARN,IVF/SPEA2,ZDT4,100,50,5000,1292
305,4.290805819933099,16,0.5,15,0.5,-1,EARN,IVF/SPEA2,ZDT4,100,60,6000,1700
306,4.217375084347966,16,0.5,15,0.5,-1,EARN,IVF/SPEA2,ZDT4,100,70,7000,1840
307,2.7733358748798325,16,0.5,15,0.5,-1,EARN,IVF/SPEA2,ZDT4,100,80,8000,2064
308,1.3333642540071344,16,0.5,15,0.5,-1,EARN,IVF/SPEA2,ZDT4,100,90,9000,2344
309,0.9205924254242203,16,0.5,15,0.5,-1,EARN,IVF/SPEA2,ZDT4,100,100,10000,2540
310,0.6867746305222636,16,0.5,15,0.5,-1,EARN,IVF/SPEA2,ZDT4,100,110,11000,2792
311,0.5832862042372178,16,0.5,15,0.5,-1,EARN,IVF/SPEA2,ZDT4,100,120,12000,3128
312,0.4861699432985727,16,0.5,15,0.5,-1,EARN,IVF/SPEA2,ZDT4,100,130,13000,3436
313,0.41139436926307554,16,0.5,15,0.5,-1,EARN,IVF/SPEA2,ZDT4,100,140,14000,3632
314,0.24626330471027674,16,0.5,15,0.5,-1,EARN,IVF/SPEA2,ZDT4,100,150,15000,3884
315,0.18839556688130168,16,0.5,15,0.5,-1,EARN,IVF/SPEA2,ZDT4,100,160,16000,4096
316,0.15926902613900384,16,0.5,15,0.5,-1,EARN,IVF/SPEA2,ZDT4,100,170,17000,4096
317,0.15180692620548994,16,0.5,15,0.5,-1,EARN,IVF/SPEA2,ZDT4,100,180,18000,4320
318,0.14836478115480706,16,0.5,15,0.5,-1,EARN,IVF/SPEA2,ZDT4,100,190,19000,4460
319,0.14626721097986545,16,0.5,15,0.5,-1,EARN,IVF/SPEA2,ZDT4,100,200,20000,4768
320,36.74472123393211,17,0.5,15,0.5,-1,EARN,IVF/SPEA2,ZDT4,100,10,1000,168
321,14.602526847847335,17,0.5,15,0.5,-1,EARN,IVF/SPEA2,ZDT4,100,20,2000,336
322,7.609727790617142,17,0.5,15,0.5,-1,EARN,IVF/SPEA2,ZDT4,100,30,3000,448
323,2.33725211804309,17,0.5,15,0.5,-1,EARN,IVF/SPEA2,ZDT4,100,40,4000,728
324,0.9810735596985652,17,0.5,15,0.5,-1,EARN,IVF/SPEA2,ZDT4,100,50,5000,896
325,0.8762599421531498,17,0.5,15,0.5,-1,EARN,IVF/SPEA2,ZDT4,100,60,6000,1148
326,0.6859276515816382,17,0.5,15,0.5,-1,EARN,IVF/SPEA2,ZDT4,100,70,7000,1372
327,0.4178048122179191,17,0.5,15,0.5,-1,EARN,IVF/SPEA2,ZDT4,100,80,8000,1624
328,0.25833036269671356,17,0.5,15,0.5,-1,EARN,IVF/SPEA2,ZDT4,100,90,9000,1876
329,0.21036978787023147,17,0.5,15,0.5,-1,EARN,IVF/SPEA2,ZDT4,100,100,10000,1988
330,0.10873028188259883,17,0.5,15,0.5,-1,EARN,IVF/SPEA2,ZDT4,100,110,11000,2240
331,0.029828424838664495,17,0.5,15,0.5,-1,EARN,IVF/SPEA2,ZDT4,100,120,12000,2492
332,0.01877615628782107,17,0.5,15,0.5,-1,EARN,IVF/SPEA2,ZDT4,100,130,13000,2856
333,0.013641247309334524,17,0.5,15,0.5,-1,EARN,IVF/SPEA2,ZDT4,100,140,14000,3024
334,0.009388727776612047,17,0.5,15,0.5,-1,EARN,IVF/SPEA2,ZDT4,100,150,15000,3164
335,0.008638072115665195,17,0.5,15,0.5,-1,EARN,IVF/SPEA2,ZDT4,100,160,16000,3444
336,0.0065413793391433965,17,0.5,15,0.5,-1,EARN,IVF/SPEA2,ZDT4,100,170,17000,3556
337,0.005524468104872116,17,0.5,15,0.5,-1,EARN,IVF/SPEA2,ZDT4,100,180,18000,3768
338,0.005763618818506296,17,0.5,15,0.5,-1,EARN,IVF/SPEA2,ZDT4,100,190,19000,4036
339,0.004973738316233399,17,0.5,15,0.5,-1,EARN,IVF/SPEA2,ZDT4,100,200,20000,4204
340,42.38299310385992,18,0.5,15,0.5,-1,EARN,IVF/SPEA2,ZDT4,100,10,1000,496
341,23.205707444349063,18,0.5,15,0.5,-1,EARN,IVF/SPEA2,ZDT4,100,20,2000,608
342,9.780013074716175,18,0.5,15,0.5,-1,EARN,IVF/SPEA2,ZDT4,100,30,3000,748
343,8.862829802953192,18,0.5,15,0.5,-1,EARN,IVF/SPEA2,ZDT4,100,40,4000,832
344,4.651825751859422,18,0.5,15,0.5,-1,EARN,IVF/SPEA2,ZDT4,100,50,5000,1084
345,3.421664485480424,18,0.5,15,0.5,-1,EARN,IVF/SPEA2,ZDT4,100,60,6000,1224
346,2.0552802353523867,18,0.5,15,0.5,-1,EARN,IVF/SPEA2,ZDT4,100,70,7000,1308
347,1.5953709874163369,18,0.5,15,0.5,-1,EARN,IVF/SPEA2,ZDT4,100,80,8000,1616
348,1.4297652524391864,18,0.5,15,0.5,-1,EARN,IVF/SPEA2,ZDT4,100,90,9000,1812
349,0.8223157963632971,18,0.5,15,0.5,-1,EARN,IVF/SPEA2,ZDT4,100,100,10000,1980
350,0.5714730995406655,18,0.5,15,0.5,-1,EARN,IVF/SPEA2,ZDT4,100,110,11000,2232
351,0.3972956296108783,18,0.5,15,0.5,-1,EARN,IVF/SPEA2,ZDT4,100,120,12000,2288
352,0.2552574977480364,18,0.5,15,0.5,-1,EARN,IVF/SPEA2,ZDT4,100,130,13000,2584
353,0.16094959399494269,18,0.5,15,0.5,-1,EARN,IVF/SPEA2,ZDT4,100,140,14000,2752
354,0.13282734908247665,18,0.5,15,0.5,-1,EARN,IVF/SPEA2,ZDT4,100,150,15000,3032
355,0.04807805743815709,18,0.5,15,0.5,-1,EARN,IVF/SPEA2,ZDT4,100,160,16000,3200
356,0.01941407175553479,18,0.5,15,0.5,-1,EARN,IVF/SPEA2,ZDT4,100,170,17000,3312
357,0.015642447085736717,18,0.5,15,0.5,-1,EARN,IVF/SPEA2,ZDT4,100,180,18000,3396
358,0.01435223775552338,18,0.5,15,0.5,-1,EARN,IVF/SPEA2,ZDT4,100,190,19000,3592
359,0.012772894042229175,18,0.5,15,0.5,-1,EARN,IVF/SPEA2,ZDT4,100,200,20000,3900
360,38.08483712444592,19,0.5,15,0.5,-1,EARN,IVF/SPEA2,ZDT4,100,10,1000,168
361,19.539205140960497,19,0.5,15,0.5,-1,EARN,IVF/SPEA2,ZDT4,100,20,2000,504
362,7.346103406630976,19,0.5,15,0.5,-1,EARN,IVF/SPEA2,ZDT4,100,30,3000,644
363,5.150587576642224,19,0.5,15,0.5,-1,EARN,IVF/SPEA2,ZDT4,100,40,4000,784
364,3.9184915844570543,19,0.5,15,0.5,-1,EARN,IVF/SPEA2,ZDT4,100,50,5000,1064
365,2.9290307682911094,19,0.5,15,0.5,-1,EARN,IVF/SPEA2,ZDT4,100,60,6000,1400
366,2.298348895424957,19,0.5,15,0.5,-1,EARN,IVF/SPEA2,ZDT4,100,70,7000,1724
367,1.4625753510462105,19,0.5,15,0.5,-1,EARN,IVF/SPEA2,ZDT4,100,80,8000,2032
368,1.2951433651222717,19,0.5,15,0.5,-1,EARN,IVF/SPEA2,ZDT4,100,90,9000,2328
369,0.9918419301088526,19,0.5,15,0.5,-1,EARN,IVF/SPEA2,ZDT4,100,100,10000,2440
370,0.8697431316454947,19,0.5,15,0.5,-1,EARN,IVF/SPEA2,ZDT4,100,110,11000,2720
371,0.7712093570508135,19,0.5,15,0.5,-1,EARN,IVF/SPEA2,ZDT4,100,120,12000,2944
372,0.6875602965094463,19,0.5,15,0.5,-1,EARN,IVF/SPEA2,ZDT4,100,130,13000,3140
373,0.4935117070301855,19,0.5,15,0.5,-1,EARN,IVF/SPEA2,ZDT4,100,140,14000,3420
374,0.33200905355830784,19,0.5,15,0.5,-1,EARN,IVF/SPEA2,ZDT4,100,150,15000,3744
375,0.2032865367439988,19,0.5,15,0.5,-1,EARN,IVF/SPEA2,ZDT4,100,160,16000,3828
376,0.1755195912100875,19,0.5,15,0.5,-1,EARN,IVF/SPEA2,ZDT4,100,170,17000,4052
377,0.15026271793120524,19,0.5,15,0.5,-1,EARN,IVF/SPEA2,ZDT4,100,180,18000,4304
378,0.07914137843782541,19,0.5,15,0.5,-1,EARN,IVF/SPEA2,ZDT4,100,190,19000,4544
379,0.03449717666839549,19,0.5,15,0.5,-1,EARN,IVF/SPEA2,ZDT4,100,200,20000,4824
380,37.44162837494726,20,0.5,15,0.5,-1,EARN,IVF/SPEA2,ZDT4,100,10,1000,56
381,15.173316348097707,20,0.5,15,0.5,-1,EARN,IVF/SPEA2,ZDT4,100,20,2000,420
382,9.905429603628415,20,0.5,15,0.5,-1,EARN,IVF/SPEA2,ZDT4,100,30,3000,872
383,7.039962907168411,20,0.5,15,0.5,-1,EARN,IVF/SPEA2,ZDT4,100,40,4000,1068
384,5.888465342280414,20,0.5,15,0.5,-1,EARN,IVF/SPEA2,ZDT4,100,50,5000,1364
385,4.997968503387119,20,0.5,15,0.5,-1,EARN,IVF/SPEA2,ZDT4,100,60,6000,1476
386,2.6663157271525084,20,0.5,15,0.5,-1,EARN,IVF/SPEA2,ZDT4,100,70,7000,1588
387,2.0630619808097963,20,0.5,15,0.5,-1,EARN,IVF/SPEA2,ZDT4,100,80,8000,1840
388,1.203229762710639,20,0.5,15,0.5,-1,EARN,IVF/SPEA2,ZDT4,100,90,9000,2176
389,0.7716198591583169,20,0.5,15,0.5,-1,EARN,IVF/SPEA2,ZDT4,100,100,10000,2512
390,0.6612488038651283,20,0.5,15,0.5,-1,EARN,IVF/SPEA2,ZDT4,100,110,11000,2808
391,0.528849906136032,20,0.5,15,0.5,-1,EARN,IVF/SPEA2,ZDT4,100,120,12000,3004
392,0.40324061616637885,20,0.5,15,0.5,-1,EARN,IVF/SPEA2,ZDT4,100,130,13000,3272
393,0.24254230079450423,20,0.5,15,0.5,-1,EARN,IVF/SPEA2,ZDT4,100,140,14000,3384
394,0.17401393495830475,20,0.5,15,0.5,-1,EARN,IVF/SPEA2,ZDT4,100,150,15000,3524
395,0.15188781513081387,20,0.5,15,0.5,-1,EARN,IVF/SPEA2,ZDT4,100,160,16000,3820
396,0.13890850069162436,20,0.5,15,0.5,-1,EARN,IVF/SPEA2,ZDT4,100,170,17000,4212
397,0.09464148836589473,20,0.5,15,0.5,-1,EARN,IVF/SPEA2,ZDT4,100,180,18000,4520
398,0.03156604865062782,20,0.5,15,0.5,-1,EARN,IVF/SPEA2,ZDT4,100,190,19000,4688
399,0.015779295785346762,20,0.5,15,0.5,-1,EARN,IVF/SPEA2,ZDT4,100,200,20000,4856
400,23.624095581844927,21,0.5,15,0.5,-1,EARN,IVF/SPEA2,ZDT4,100,10,1000,268
401,15.896875652391728,21,0.5,15,0.5,-1,EARN,IVF/SPEA2,ZDT4,100,20,2000,520
402,10.689822315242985,21,0.5,15,0.5,-1,EARN,IVF/SPEA2,ZDT4,100,30,3000,800
403,7.161468457381558,21,0.5,15,0.5,-1,EARN,IVF/SPEA2,ZDT4,100,40,4000,1052
404,3.755759429484647,21,0.5,15,0.5,-1,EARN,IVF/SPEA2,ZDT4,100,50,5000,1192
405,3.585094458815653,21,0.5,15,0.5,-1,EARN,IVF/SPEA2,ZDT4,100,60,6000,1416
406,2.563856249709975,21,0.5,15,0.5,-1,EARN,IVF/SPEA2,ZDT4,100,70,7000,1668
407,1.8793586516068934,21,0.5,15,0.5,-1,EARN,IVF/SPEA2,ZDT4,100,80,8000,1864
408,0.9910340753785941,21,0.5,15,0.5,-1,EARN,IVF/SPEA2,ZDT4,100,90,9000,2060
409,0.91268032652237,21,0.5,15,0.5,-1,EARN,IVF/SPEA2,ZDT4,100,100,10000,2284
410,0.814230477164834,21,0.5,15,0.5,-1,EARN,IVF/SPEA2,ZDT4,100,110,11000,2648
411,0.7257012151803552,21,0.5,15,0.5,-1,EARN,IVF/SPEA2,ZDT4,100,120,12000,2844
412,0.5598924021298449,21,0.5,15,0.5,-1,EARN,IVF/SPEA2,ZDT4,100,130,13000,2984
413,0.44205794978332674,21,0.5,15,0.5,-1,EARN,IVF/SPEA2,ZDT4,100,140,14000,3124
414,0.3501849772778051,21,0.5,15,0.5,-1,EARN,IVF/SPEA2,ZDT4,100,150,15000,3516
415,0.1820002256695249,21,0.5,15,0.5,-1,EARN,IVF/SPEA2,ZDT4,100,160,16000,3824
416,0.15753555810234113,21,0.5,15,0.5,-1,EARN,IVF/SPEA2,ZDT4,100,170,17000,3964
417,0.1439910128069679,21,0.5,15,0.5,-1,EARN,IVF/SPEA2,ZDT4,100,180,18000,4216
418,0.13918207758649997,21,0.5,15,0.5,-1,EARN,IVF/SPEA2,ZDT4,100,190,19000,4384
419,0.136302456906438,21,0.5,15,0.5,-1,EARN,IVF/SPEA2,ZDT4,100,200,20000,4496
420,29.697968413099737,22,0.5,15,0.5,-1,EARN,IVF/SPEA2,ZDT4,100,10,1000,196
421,13.048198032813875,22,0.5,15,0.5,-1,EARN,IVF/SPEA2,ZDT4,100,20,2000,280
422,6.657032748310578,22,0.5,15,0.5,-1,EARN,IVF/SPEA2,ZDT4,100,30,3000,408
423,5.7957671024462085,22,0.5,15,0.5,-1,EARN,IVF/SPEA2,ZDT4,100,40,4000,576
424,4.0658952826106205,22,0.5,15,0.5,-1,EARN,IVF/SPEA2,ZDT4,100,50,5000,744
425,4.1275252321204805,22,0.5,15,0.5,-1,EARN,IVF/SPEA2,ZDT4,100,60,6000,968
426,2.627688090506014,22,0.5,15,0.5,-1,EARN,IVF/SPEA2,ZDT4,100,70,7000,1136
427,2.1672454619335824,22,0.5,15,0.5,-1,EARN,IVF/SPEA2,ZDT4,100,80,8000,1360
428,1.6285449565900947,22,0.5,15,0.5,-1,EARN,IVF/SPEA2,ZDT4,100,90,9000,1612
429,1.4566297095925338,22,0.5,15,0.5,-1,EARN,IVF/SPEA2,ZDT4,100,100,10000,1668
430,0.94069090663236,22,0.5,15,0.5,-1,EARN,IVF/SPEA2,ZDT4,100,110,11000,2004
431,0.6914133449965704,22,0.5,15,0.5,-1,EARN,IVF/SPEA2,ZDT4,100,120,12000,2312
432,0.6067218417175784,22,0.5,15,0.5,-1,EARN,IVF/SPEA2,ZDT4,100,130,13000,2508
433,0.538386907189911,22,0.5,15,0.5,-1,EARN,IVF/SPEA2,ZDT4,100,140,14000,2844
434,0.4565863307478454,22,0.5,15,0.5,-1,EARN,IVF/SPEA2,ZDT4,100,150,15000,3180
435,0.310195521063721,22,0.5,15,0.5,-1,EARN,IVF/SPEA2,ZDT4,100,160,16000,3292
436,0.20062304929886637,22,0.5,15,0.5,-1,EARN,IVF/SPEA2,ZDT4,100,170,17000,3460
437,0.13740693509065102,22,0.5,15,0.5,-1,EARN,IVF/SPEA2,ZDT4,100,180,18000,3712
438,0.039053756895026825,22,0.5,15,0.5,-1,EARN,IVF/SPEA2,ZDT4,100,190,19000,3908
439,0.02030511956373529,22,0.5,15,0.5,-1,EARN,IVF/SPEA2,ZDT4,100,200,20000,3964
440,36.74566065469597,23,0.5,15,0.5,-1,EARN,IVF/SPEA2,ZDT4,100,10,1000,140
441,14.349073855865534,23,0.5,15,0.5,-1,EARN,IVF/SPEA2,ZDT4,100,20,2000,392
442,10.301005817890632,23,0.5,15,0.5,-1,EARN,IVF/SPEA2,ZDT4,100,30,3000,560
443,7.566145163104353,23,0.5,15,0.5,-1,EARN,IVF/SPEA2,ZDT4,100,40,4000,784
444,4.490241345476098,23,0.5,15,0.5,-1,EARN,IVF/SPEA2,ZDT4,100,50,5000,1064
445,2.2329131843285377,23,0.5,15,0.5,-1,EARN,IVF/SPEA2,ZDT4,100,60,6000,1232
446,1.672420100629192,23,0.5,15,0.5,-1,EARN,IVF/SPEA2,ZDT4,100,70,7000,1456
447,1.2794327834732397,23,0.5,15,0.5,-1,EARN,IVF/SPEA2,ZDT4,100,80,8000,1484
448,0.8349710830337927,23,0.5,15,0.5,-1,EARN,IVF/SPEA2,ZDT4,100,90,9000,1820
449,0.714830154222975,23,0.5,15,0.5,-1,EARN,IVF/SPEA2,ZDT4,100,100,10000,2016
450,0.5399218774085989,23,0.5,15,0.5,-1,EARN,IVF/SPEA2,ZDT4,100,110,11000,2128
451,0.33376069137426273,23,0.5,15,0.5,-1,EARN,IVF/SPEA2,ZDT4,100,120,12000,2268
452,0.2751520015522367,23,0.5,15,0.5,-1,EARN,IVF/SPEA2,ZDT4,100,130,13000,2520
453,0.19978999085765625,23,0.5,15,0.5,-1,EARN,IVF/SPEA2,ZDT4,100,140,14000,2744
454,0.07198048594207943,23,0.5,15,0.5,-1,EARN,IVF/SPEA2,ZDT4,100,150,15000,2884
455,0.03880216924018729,23,0.5,15,0.5,-1,EARN,IVF/SPEA2,ZDT4,100,160,16000,3080
456,0.034017022496892285,23,0.5,15,0.5,-1,EARN,IVF/SPEA2,ZDT4,100,170,17000,3516
457,0.024920020367330722,23,0.5,15,0.5,-1,EARN,IVF/SPEA2,ZDT4,100,180,18000,3684
458,0.015902428161847792,23,0.5,15,0.5,-1,EARN,IVF/SPEA2,ZDT4,100,190,19000,3908
459,0.01215472129178505,23,0.5,15,0.5,-1,EARN,IVF/SPEA2,ZDT4,100,200,20000,4076
460,33.929353476369464,24,0.5,15,0.5,-1,EARN,IVF/SPEA2,ZDT4,100,10,1000,252
461,7.91871115109672,24,0.5,15,0.5,-1,EARN,IVF/SPEA2,ZDT4,100,20,2000,308
462,6.290003441401665,24,0.5,15,0.5,-1,EARN,IVF/SPEA2,ZDT4,100,30,3000,476
463,2.714726392862626,24,0.5,15,0.5,-1,EARN,IVF/SPEA2,ZDT4,100,40,4000,644
464,2.129641661088551,24,0.5,15,0.5,-1,EARN,IVF/SPEA2,ZDT4,100,50,5000,924
465,1.3146669184048725,24,0.5,15,0.5,-1,EARN,IVF/SPEA2,ZDT4,100,60,6000,1064
466,1.0146111508879876,24,0.5,15,0.5,-1,EARN,IVF/SPEA2,ZDT4,100,70,7000,1260
467,0.8071944956742582,24,0.5,15,0.5,-1,EARN,IVF/SPEA2,ZDT4,100,80,8000,1624
468,0.5542241349017258,24,0.5,15,0.5,-1,EARN,IVF/SPEA2,ZDT4,100,90,9000,1848
469,0.36652931423072355,24,0.5,15,0.5,-1,EARN,IVF/SPEA2,ZDT4,100,100,10000,2072
470,0.26670483126921707,24,0.5,15,0.5,-1,EARN,IVF/SPEA2,ZDT4,100,110,11000,2352
471,0.1869164612948488,24,0.5,15,0.5,-1,EARN,IVF/SPEA2,ZDT4,100,120,12000,2548
472,0.1404040456570687,24,0.5,15,0.5,-1,EARN,IVF/SPEA2,ZDT4,100,130,13000,2716
473,0.09909851370698318,24,0.5,15,0.5,-1,EARN,IVF/SPEA2,ZDT4,100,140,14000,2968
474,0.02624735007083844,24,0.5,15,0.5,-1,EARN,IVF/SPEA2,ZDT4,100,150,15000,3248
475,0.019728600091037992,24,0.5,15,0.5,-1,EARN,IVF/SPEA2,ZDT4,100,160,16000,3556
476,0.017524277780168435,24,0.5,15,0.5,-1,EARN,IVF/SPEA2,ZDT4,100,170,17000,3752
477,0.016382713239511418,24,0.5,15,0.5,-1,EARN,IVF/SPEA2,ZDT4,100,180,18000,4160
478,0.015304423797150047,24,0.5,15,0.5,-1,EARN,IVF/SPEA2,ZDT4,100,190,19000,4300
479,0.015395011316182847,24,0.5,15,0.5,-1,EARN,IVF/SPEA2,ZDT4,100,200,20000,4524
480,26.71651118375931,25,0.5,15,0.5,-1,EARN,IVF/SPEA2,ZDT4,100,10,1000,168
481,17.091124215574343,25,0.5,15,0.5,-1,EARN,IVF/SPEA2,ZDT4,100,20,2000,336
482,11.960440272217639,25,0.5,15,0.5,-1,EARN,IVF/SPEA2,ZDT4,100,30,3000,644
483,10.14565333173023,25,0.5,15,0.5,-1,EARN,IVF/SPEA2,ZDT4,100,40,4000,968
484,7.265440796191643,25,0.5,15,0.5,-1,EARN,IVF/SPEA2,ZDT4,100,50,5000,1332
485,2.7745172447107675,25,0.5,15,0.5,-1,EARN,IVF/SPEA2,ZDT4,100,60,6000,1640
486,2.21795164648181,25,0.5,15,0.5,-1,EARN,IVF/SPEA2,ZDT4,100,70,7000,1920
487,1.5949134900003659,25,0.5,15,0.5,-1,EARN,IVF/SPEA2,ZDT4,100,80,8000,2228
488,1.221008213453152,25,0.5,15,0.5,-1,EARN,IVF/SPEA2,ZDT4,100,90,9000,2368
489,0.9430134450009773,25,0.5,15,0.5,-1,EARN,IVF/SPEA2,ZDT4,100,100,10000,2608
490,0.8376257443073044,25,0.5,15,0.5,-1,EARN,IVF/SPEA2,ZDT4,100,110,11000,2804
491,0.6480915182891251,25,0.5,15,0.5,-1,EARN,IVF/SPEA2,ZDT4,100,120,12000,2916
492,0.27494080905021273,25,0.5,15,0.5,-1,EARN,IVF/SPEA2,ZDT4,100,130,13000,3240
493,0.15599861485946798,25,0.5,15,0.5,-1,EARN,IVF/SPEA2,ZDT4,100,140,14000,3464
494,0.06650144418370468,25,0.5,15,0.5,-1,EARN,IVF/SPEA2,ZDT4,100,150,15000,3744
495,0.030229337424141783,25,0.5,15,0.5,-1,EARN,IVF/SPEA2,ZDT4,100,160,16000,3996
496,0.021148086556896276,25,0.5,15,0.5,-1,EARN,IVF/SPEA2,ZDT4,100,170,17000,4136
497,0.019180573715980406,25,0.5,15,0.5,-1,EARN,IVF/SPEA2,ZDT4,100,180,18000,4248
498,0.01726560347892634,25,0.5,15,0.5,-1,EARN,IVF/SPEA2,ZDT4,100,190,19000,4612
499,0.01564077263571044,25,0.5,15,0.5,-1,EARN,IVF/SPEA2,ZDT4,100,200,20000,4836
500,33.05154578600225,26,0.5,15,0.5,-1,EARN,IVF/SPEA2,ZDT4,100,10,1000,212
501,20.905633267488962,26,0.5,15,0.5,-1,EARN,IVF/SPEA2,ZDT4,100,20,2000,296
502,5.059589579957914,26,0.5,15,0.5,-1,EARN,IVF/SPEA2,ZDT4,100,30,3000,548
503,3.8958196296471947,26,0.5,15,0.5,-1,EARN,IVF/SPEA2,ZDT4,100,40,4000,688
504,3.149383986874044,26,0.5,15,0.5,-1,EARN,IVF/SPEA2,ZDT4,100,50,5000,940
505,1.9885086046373193,26,0.5,15,0.5,-1,EARN,IVF/SPEA2,ZDT4,100,60,6000,1136
506,1.762864114582909,26,0.5,15,0.5,-1,EARN,IVF/SPEA2,ZDT4,100,70,7000,1416
507,1.1466647943202155,26,0.5,15,0.5,-1,EARN,IVF/SPEA2,ZDT4,100,80,8000,1640
508,0.8969122741045845,26,0.5,15,0.5,-1,EARN,IVF/SPEA2,ZDT4,100,90,9000,1752
509,0.5797532795899121,26,0.5,15,0.5,-1,EARN,IVF/SPEA2,ZDT4,100,100,10000,2060
510,0.42325541119132637,26,0.5,15,0.5,-1,EARN,IVF/SPEA2,ZDT4,100,110,11000,2384
511,0.2949170901122419,26,0.5,15,0.5,-1,EARN,IVF/SPEA2,ZDT4,100,120,12000,2580
512,0.2812092543899293,26,0.5,15,0.5,-1,EARN,IVF/SPEA2,ZDT4,100,130,13000,3032
513,0.27264451165391157,26,0.5,15,0.5,-1,EARN,IVF/SPEA2,ZDT4,100,140,14000,3228
514,0.2692241146336141,26,0.5,15,0.5,-1,EARN,IVF/SPEA2,ZDT4,100,150,15000,3368
515,0.26837203116604696,26,0.5,15,0.5,-1,EARN,IVF/SPEA2,ZDT4,100,160,16000,3776
516,0.23947393382555704,26,0.5,15,0.5,-1,EARN,IVF/SPEA2,ZDT4,100,170,17000,3916
517,0.14424453677706522,26,0.5,15,0.5,-1,EARN,IVF/SPEA2,ZDT4,100,180,18000,4140
518,0.13230692150336212,26,0.5,15,0.5,-1,EARN,IVF/SPEA2,ZDT4,100,190,19000,4392
519,0.11604769868697234,26,0.5,15,0.5,-1,EARN,IVF/SPEA2,ZDT4,100,200,20000,4476
520,20.49428569654296,27,0.5,15,0.5,-1,EARN,IVF/SPEA2,ZDT4,100,10,1000,268
521,11.575568964435428,27,0.5,15,0.5,-1,EARN,IVF/SPEA2,ZDT4,100,20,2000,464
522,4.424953780317387,27,0.5,15,0.5,-1,EARN,IVF/SPEA2,ZDT4,100,30,3000,632
523,3.4422370153351953,27,0.5,15,0.5,-1,EARN,IVF/SPEA2,ZDT4,100,40,4000,772
524,2.5889087888211297,27,0.5,15,0.5,-1,EARN,IVF/SPEA2,ZDT4,100,50,5000,1068
525,2.2192471315749716,27,0.5,15,0.5,-1,EARN,IVF/SPEA2,ZDT4,100,60,6000,1236
526,2.0007304362658567,27,0.5,15,0.5,-1,EARN,IVF/SPEA2,ZDT4,100,70,7000,1572
527,1.27694118417093,27,0.5,15,0.5,-1,EARN,IVF/SPEA2,ZDT4,100,80,8000,1684
528,1.1951301710624442,27,0.5,15,0.5,-1,EARN,IVF/SPEA2,ZDT4,100,90,9000,1964
529,1.150441377721291,27,0.5,15,0.5,-1,EARN,IVF/SPEA2,ZDT4,100,100,10000,2104
530,1.025766933794258,27,0.5,15,0.5,-1,EARN,IVF/SPEA2,ZDT4,100,110,11000,2384
531,0.4639486931182185,27,0.5,15,0.5,-1,EARN,IVF/SPEA2,ZDT4,100,120,12000,2692
532,0.3384701890280924,27,0.5,15,0.5,-1,EARN,IVF/SPEA2,ZDT4,100,130,13000,2832
533,0.23628844787715725,27,0.5,15,0.5,-1,EARN,IVF/SPEA2,ZDT4,100,140,14000,3112
534,0.20628023445606528,27,0.5,15,0.5,-1,EARN,IVF/SPEA2,ZDT4,100,150,15000,3224
535,0.17341105025102568,27,0.5,15,0.5,-1,EARN,IVF/SPEA2,ZDT4,100,160,16000,3336
536,0.16140292511389376,27,0.5,15,0.5,-1,EARN,IVF/SPEA2,ZDT4,100,170,17000,3476
537,0.1557337015350471,27,0.5,15,0.5,-1,EARN,IVF/SPEA2,ZDT4,100,180,18000,3532
538,0.1194424430432838,27,0.5,15,0.5,-1,EARN,IVF/SPEA2,ZDT4,100,190,19000,3728
539,0.05441627554361591,27,0.5,15,0.5,-1,EARN,IVF/SPEA2,ZDT4,100,200,20000,4092
540,50.3005139026531,28,0.5,15,0.5,-1,EARN,IVF/SPEA2,ZDT4,100,10,1000,380
541,23.22574598764208,28,0.5,15,0.5,-1,EARN,IVF/SPEA2,ZDT4,100,20,2000,788
542,10.866635570483862,28,0.5,15,0.5,-1,EARN,IVF/SPEA2,ZDT4,100,30,3000,956
543,8.041094952160869,28,0.5,15,0.5,-1,EARN,IVF/SPEA2,ZDT4,100,40,4000,1264
544,5.1757543358326314,28,0.5,15,0.5,-1,EARN,IVF/SPEA2,ZDT4,100,50,5000,1516
545,4.048059377529156,28,0.5,15,0.5,-1,EARN,IVF/SPEA2,ZDT4,100,60,6000,1684
546,2.4751220966195406,28,0.5,15,0.5,-1,EARN,IVF/SPEA2,ZDT4,100,70,7000,1908
547,1.2460240452601097,28,0.5,15,0.5,-1,EARN,IVF/SPEA2,ZDT4,100,80,8000,2132
548,0.9863044289406824,28,0.5,15,0.5,-1,EARN,IVF/SPEA2,ZDT4,100,90,9000,2484
549,0.7373800236827367,28,0.5,15,0.5,-1,EARN,IVF/SPEA2,ZDT4,100,100,10000,2780
550,0.614327627778746,28,0.5,15,0.5,-1,EARN,IVF/SPEA2,ZDT4,100,110,11000,2948
551,0.3921565157922331,28,0.5,15,0.5,-1,EARN,IVF/SPEA2,ZDT4,100,120,12000,3116
552,0.32222836800732296,28,0.5,15,0.5,-1,EARN,IVF/SPEA2,ZDT4,100,130,13000,3396
553,0.23467281170633342,28,0.5,15,0.5,-1,EARN,IVF/SPEA2,ZDT4,100,140,14000,3848
554,0.16736146032896404,28,0.5,15,0.5,-1,EARN,IVF/SPEA2,ZDT4,100,150,15000,4072
555,0.15065591098873007,28,0.5,15,0.5,-1,EARN,IVF/SPEA2,ZDT4,100,160,16000,4408
556,0.05550962825866159,28,0.5,15,0.5,-1,EARN,IVF/SPEA2,ZDT4,100,170,17000,4604
557,0.02759239196692201,28,0.5,15,0.5,-1,EARN,IVF/SPEA2,ZDT4,100,180,18000,4856
558,0.017219122626239824,28,0.5,15,0.5,-1,EARN,IVF/SPEA2,ZDT4,100,190,19000,5080
559,0.01401931586833294,28,0.5,15,0.5,-1,EARN,IVF/SPEA2,ZDT4,100,200,20000,5388
560,25.679252793163144,29,0.5,15,0.5,-1,EARN,IVF/SPEA2,ZDT4,100,10,1000,240
561,19.233662545143297,29,0.5,15,0.5,-1,EARN,IVF/SPEA2,ZDT4,100,20,2000,576
562,13.48765931504856,29,0.5,15,0.5,-1,EARN,IVF/SPEA2,ZDT4,100,30,3000,856
563,11.324278424019473,29,0.5,15,0.5,-1,EARN,IVF/SPEA2,ZDT4,100,40,4000,912
564,7.344472996615292,29,0.5,15,0.5,-1,EARN,IVF/SPEA2,ZDT4,100,50,5000,1292
565,4.929747239098449,29,0.5,15,0.5,-1,EARN,IVF/SPEA2,ZDT4,100,60,6000,1376
566,3.556511698965597,29,0.5,15,0.5,-1,EARN,IVF/SPEA2,ZDT4,100,70,7000,1516
567,2.471317382643431,29,0.5,15,0.5,-1,EARN,IVF/SPEA2,ZDT4,100,80,8000,1796
568,1.701229995230992,29,0.5,15,0.5,-1,EARN,IVF/SPEA2,ZDT4,100,90,9000,2104
569,1.2926276467108644,29,0.5,15,0.5,-1,EARN,IVF/SPEA2,ZDT4,100,100,10000,2188
570,1.1719044529860603,29,0.5,15,0.5,-1,EARN,IVF/SPEA2,ZDT4,100,110,11000,2440
571,0.9994716286006574,29,0.5,15,0.5,-1,EARN,IVF/SPEA2,ZDT4,100,120,12000,2664
572,0.7178917251025723,29,0.5,15,0.5,-1,EARN,IVF/SPEA2,ZDT4,100,130,13000,2860
573,0.6643279360745045,29,0.5,15,0.5,-1,EARN,IVF/SPEA2,ZDT4,100,140,14000,3084
574,0.5648814033074119,29,0.5,15,0.5,-1,EARN,IVF/SPEA2,ZDT4,100,150,15000,3336
575,0.4155798430621534,29,0.5,15,0.5,-1,EARN,IVF/SPEA2,ZDT4,100,160,16000,3560
576,0.17900355184180042,29,0.5,15,0.5,-1,EARN,IVF/SPEA2,ZDT4,100,170,17000,3756
577,0.03805965519927665,29,0.5,15,0.5,-1,EARN,IVF/SPEA2,ZDT4,100,180,18000,3868
578,0.017960406099899354,29,0.5,15,0.5,-1,EARN,IVF/SPEA2,ZDT4,100,190,19000,4008
579,0.014416336254576603,29,0.5,15,0.5,-1,EARN,IVF/SPEA2,ZDT4,100,200,20000,4232
580,40.00242160354874,30,0.5,15,0.5,-1,EARN,IVF/SPEA2,ZDT4,100,10,1000,268
581,18.6088188101417,30,0.5,15,0.5,-1,EARN,IVF/SPEA2,ZDT4,100,20,2000,380
582,9.654909635962353,30,0.5,15,0.5,-1,EARN,IVF/SPEA2,ZDT4,100,30,3000,464
583,5.658738027923207,30,0.5,15,0.5,-1,EARN,IVF/SPEA2,ZDT4,100,40,4000,800
584,3.575288016892535,30,0.5,15,0.5,-1,EARN,IVF/SPEA2,ZDT4,100,50,5000,912
585,2.9151668760651885,30,0.5,15,0.5,-1,EARN,IVF/SPEA2,ZDT4,100,60,6000,1164
586,1.9125013105988855,30,0.5,15,0.5,-1,EARN,IVF/SPEA2,ZDT4,100,70,7000,1360
587,1.3805217864615025,30,0.5,15,0.5,-1,EARN,IVF/SPEA2,ZDT4,100,80,8000,1472
588,1.182216644790581,30,0.5,15,0.5,-1,EARN,IVF/SPEA2,ZDT4,100,90,9000,1780
589,0.7783670194957445,30,0.5,15,0.5,-1,EARN,IVF/SPEA2,ZDT4,100,100,10000,2060
590,0.6584631829374017,30,0.5,15,0.5,-1,EARN,IVF/SPEA2,ZDT4,100,110,11000,2312
591,0.5536606391807692,30,0.5,15,0.5,-1,EARN,IVF/SPEA2,ZDT4,100,120,12000,2480
592,0.4464943271701713,30,0.5,15,0.5,-1,EARN,IVF/SPEA2,ZDT4,100,130,13000,2872
593,0.3727813915416573,30,0.5,15,0.5,-1,EARN,IVF/SPEA2,ZDT4,100,140,14000,3068
594,0.2938470433773267,30,0.5,15,0.5,-1,EARN,IVF/SPEA2,ZDT4,100,150,15000,3236
595,0.22571779535634703,30,0.5,15,0.5,-1,EARN,IVF/SPEA2,ZDT4,100,160,16000,3516
596,0.15770797345079698,30,0.5,15,0.5,-1,EARN,IVF/SPEA2,ZDT4,100,170,17000,3796
597,0.14253398163092842,30,0.5,15,0.5,-1,EARN,IVF/SPEA2,ZDT4,100,180,18000,3992
598,0.12460230881884471,30,0.5,15,0.5,-1,EARN,IVF/SPEA2,ZDT4,100,190,19000,4216
599,0.12333571672247463,30,0.5,15,0.5,-1,EARN,IVF/SPEA2,ZDT4,100,200,20000,4440
